May 5		Price LOG
5863.2383
4450.9543
5231.7676
5863.2383
4450.9543
5231.7676
****************************************
5863.2383
4450.9543
5231.7676
****************************************
5863.2383
4450.9543
5231.7676
****************************************
5863.2383
4450.9543
5231.7676
****************************************
5863.2383
4450.9543
5231.7676
****************************************
5859.595
4448.1885
5228.5166
****************************************
5859.595
4448.1885
5228.5166
****************************************
5859.595
4448.1885
5228.5166
****************************************
5859.595
4448.1885
5228.5166
****************************************
5859.595
4448.1885
5228.5166
****************************************
5859.595
4448.1885
5228.5166
****************************************
5852.23
4442.5975
5221.9448
****************************************
5852.23
4442.5975
5221.9448
****************************************
5852.23
4442.5975
5221.9448
****************************************
5852.23
4442.5975
5221.9448
****************************************
5852.23
4442.5975
5221.9448
****************************************
5852.23
4442.5975
5221.9448
****************************************
5852.3767
4442.7088
5222.0757
****************************************
5852.3767
4442.7088
5222.0757
****************************************
5852.3767
4442.7088
5222.0757
****************************************
5852.3767
4442.7088
5222.0757
****************************************
5852.3767
4442.7088
5222.0757
****************************************
5852.3767
4442.7088
5222.0757
****************************************
5850.9867
4441.6537
5220.8354
****************************************
5850.9867
4441.6537
5220.8354
****************************************
5850.9867
4441.6537
5220.8354
****************************************
5850.9867
4441.6537
5220.8354
****************************************
5850.9867
4441.6537
5220.8354
****************************************
