May 5		Price LOG
5842.3533
4435.0998
5213.1319
5842.3533
4435.0998
5213.1319
****************************************
5842.3533
4435.0998
5213.1319
****************************************
5842.3533
4435.0998
5213.1319
****************************************
5842.3533
4435.0998
5213.1319
****************************************
5842.3533
4435.0998
5213.1319
****************************************
5842.3533
4435.0998
5213.1319
****************************************
5848.02
4439.4016
5218.1882
****************************************
5848.02
4439.4016
5218.1882
****************************************
5848.02
4439.4016
5218.1882
****************************************
5848.02
4439.4016
5218.1882
****************************************
5848.02
4439.4016
5218.1882
****************************************
5848.02
4439.4016
5218.1882
****************************************
5848.8
4439.9937
5218.8842
****************************************
5848.8
4439.9937
5218.8842
****************************************
5848.8
4439.9937
5218.8842
****************************************
5848.8
4439.9937
5218.8842
****************************************
5848.8
4439.9937
5218.8842
****************************************
5848.8
4439.9937
5218.8842
****************************************
5851.6617
4442.1661
5221.4377
****************************************
5851.6617
4442.1661
5221.4377
****************************************
5851.6617
4442.1661
5221.4377
****************************************
5851.6617
4442.1661
5221.4377
****************************************
5851.6617
4442.1661
5221.4377
****************************************
5854.7583
4444.5168
5224.2009
****************************************
5854.7583
4444.5168
5224.2009
****************************************
5854.7583
4444.5168
5224.2009
****************************************
5854.7583
4444.5168
5224.2009
****************************************
5854.7583
4444.5168
5224.2009
****************************************
5854.7583
4444.5168
5224.2009
****************************************
5852.7767
4443.0125
5222.4326
****************************************
5852.7767
4443.0125
5222.4326
****************************************
5852.7767
4443.0125
5222.4326
****************************************
5852.7767
4443.0125
5222.4326
****************************************
5852.7767
4443.0125
5222.4326
****************************************
5852.7767
4443.0125
5222.4326
****************************************
5857.6833
4446.7373
5226.8108
****************************************
5857.6833
4446.7373
5226.8108
****************************************
5857.6833
4446.7373
5226.8108
****************************************
5857.6833
4446.7373
5226.8108
****************************************
5857.6833
4446.7373
5226.8108
****************************************
5857.6833
4446.7373
5226.8108
****************************************
5853.005
4443.1858
5222.6364
****************************************
5853.005
4443.1858
5222.6364
****************************************
5853.005
4443.1858
5222.6364
****************************************
5853.005
4443.1858
5222.6364
****************************************
5853.005
4443.1858
5222.6364
****************************************
5853.005
4443.1858
5222.6364
****************************************
5854.7417
4444.5042
5224.186
****************************************
5854.7417
4444.5042
5224.186
****************************************
5854.7417
4444.5042
5224.186
****************************************
5854.7417
4444.5042
5224.186
****************************************
5854.7417
4444.5042
5224.186
****************************************
5854.7417
4444.5042
5224.186
****************************************
5853.7083
4443.7198
5223.2639
****************************************
5853.7083
4443.7198
5223.2639
****************************************
5853.7083
4443.7198
5223.2639
****************************************
5853.7083
4443.7198
5223.2639
****************************************
5853.7083
4443.7198
5223.2639
****************************************
5853.7083
4443.7198
5223.2639
****************************************
5849.07
4440.1987
5219.1252
****************************************
5849.07
4440.1987
5219.1252
****************************************
5849.07
4440.1987
5219.1252
****************************************
5849.07
4440.1987
5219.1252
****************************************
5849.07
4440.1987
5219.1252
****************************************
5849.07
4440.1987
5219.1252
****************************************
5847.4817
4438.9929
5217.7079
****************************************
5847.4817
4438.9929
5217.7079
****************************************
5847.4817
4438.9929
5217.7079
****************************************
5847.4817
4438.9929
5217.7079
****************************************
5847.4817
4438.9929
5217.7079
****************************************
5842.7967
4435.4364
5213.5275
****************************************
5842.7967
4435.4364
5213.5275
****************************************
5842.7967
4435.4364
5213.5275
****************************************
5842.7967
4435.4364
5213.5275
****************************************
5842.7967
4435.4364
5213.5275
****************************************
5842.7967
4435.4364
5213.5275
****************************************
5844.5967
4436.8028
5215.1336
****************************************
5844.5967
4436.8028
5215.1336
****************************************
5844.5967
4436.8028
5215.1336
****************************************
5844.5967
4436.8028
5215.1336
****************************************
5844.5967
4436.8028
5215.1336
****************************************
5844.5967
4436.8028
5215.1336
****************************************
5847.1817
4438.7652
5217.4402
****************************************
5847.1817
4438.7652
5217.4402
****************************************
5847.1817
4438.7652
5217.4402
****************************************
