May 5		Price LOG
5863.6833
4451.2921
5232.1646
5863.6833
4451.2921
5232.1646
****************************************
5863.7167
4451.3174
5232.1944
****************************************
5863.7167
4451.3174
5232.1944
****************************************
5863.7167
4451.3174
5232.1944
****************************************
5863.7167
4451.3174
5232.1944
****************************************
5863.7167
4451.3174
5232.1944
****************************************
5863.7167
4451.3174
5232.1944
****************************************
5863.375
4451.058
5231.8895
****************************************
5863.375
4451.058
5231.8895
****************************************
5863.375
4451.058
5231.8895
****************************************
5863.375
4451.058
5231.8895
****************************************
5863.375
4451.058
5231.8895
****************************************
5863.375
4451.058
5231.8895
****************************************
5863.0283
4450.7948
5231.5802
****************************************
5863.0283
4450.7948
5231.5802
****************************************
5863.0283
4450.7948
5231.5802
****************************************
5863.0283
4450.7948
5231.5802
****************************************
5863.0283
4450.7948
5231.5802
****************************************
5863.0283
4450.7948
5231.5802
****************************************
5867.5967
4454.2628
5235.6565
****************************************
5867.5967
4454.2628
5235.6565
****************************************
5867.5967
4454.2628
5235.6565
****************************************
5867.5967
4454.2628
5235.6565
****************************************
5867.5967
4454.2628
5235.6565
****************************************
5866.975
4453.7909
5235.1018
****************************************
5866.975
4453.7909
5235.1018
****************************************
5866.975
4453.7909
5235.1018
****************************************
5866.975
4453.7909
5235.1018
****************************************
5866.975
4453.7909
5235.1018
****************************************
5866.975
4453.7909
5235.1018
****************************************
5871.2317
4457.0222
5238.9
****************************************
5871.2317
4457.0222
5238.9
****************************************
5871.2317
4457.0222
5238.9
****************************************
5871.2317
4457.0222
5238.9
****************************************
5871.2317
4457.0222
5238.9
****************************************
5871.2317
4457.0222
5238.9
****************************************
5877.8267
4462.0287
5244.7847
****************************************
5877.8267
4462.0287
5244.7847
****************************************
5877.8267
4462.0287
5244.7847
****************************************
5877.8267
4462.0287
5244.7847
****************************************
5877.8267
4462.0287
5244.7847
****************************************
5877.8267
4462.0287
5244.7847
****************************************
5885.0783
4467.5336
5251.2554
****************************************
5885.0783
4467.5336
5251.2554
****************************************
5885.0783
4467.5336
5251.2554
****************************************
5885.0783
4467.5336
5251.2554
****************************************
5885.0783
4467.5336
5251.2554
****************************************
5885.0783
4467.5336
5251.2554
****************************************
5871.0083
4456.8527
5238.7007
****************************************
5871.0083
4456.8527
5238.7007
****************************************
5871.0083
4456.8527
5238.7007
****************************************
5871.0083
4456.8527
5238.7007
****************************************
5871.0083
4456.8527
5238.7007
****************************************
5871.0083
4456.8527
5238.7007
****************************************
5872.7067
4458.1419
5240.2162
****************************************
5872.7067
4458.1419
5240.2162
****************************************
5872.7067
4458.1419
5240.2162
****************************************
5872.7067
4458.1419
5240.2162
****************************************
5872.7067
4458.1419
5240.2162
****************************************
5872.7067
4458.1419
5240.2162
****************************************
5872.8983
4458.2874
5240.3872
****************************************
5872.8983
4458.2874
5240.3872
****************************************
5872.8983
4458.2874
5240.3872
****************************************
5872.8983
4458.2874
5240.3872
****************************************
5872.8983
4458.2874
5240.3872
****************************************
5872.8983
4458.2874
5240.3872
****************************************
5873.3117
4458.6012
5240.756
****************************************
5873.3117
4458.6012
5240.756
****************************************
5873.3117
4458.6012
5240.756
****************************************
5873.3117
4458.6012
5240.756
****************************************
5873.3117
4458.6012
5240.756
****************************************
5873.3117
4458.6012
5240.756
****************************************
5873.8817
4459.0339
5241.2646
****************************************
5873.8817
4459.0339
5241.2646
****************************************
5873.8817
4459.0339
5241.2646
****************************************
5873.8817
4459.0339
5241.2646
****************************************
5873.8817
4459.0339
5241.2646
****************************************
5873.8817
4459.0339
5241.2646
****************************************
5873.46
4458.7138
5240.8884
****************************************
5873.46
4458.7138
5240.8884
****************************************
5873.46
4458.7138
5240.8884
****************************************
5873.46
4458.7138
5240.8884
****************************************
5873.46
4458.7138
5240.8884
****************************************
5873.46
4458.7138
5240.8884
****************************************
5872.6917
4458.1306
5240.2028
****************************************
5872.6917
4458.1306
5240.2028
****************************************
5872.6917
4458.1306
5240.2028
****************************************
5872.6917
4458.1306
5240.2028
****************************************
5872.6917
4458.1306
5240.2028
****************************************
5872.6917
4458.1306
5240.2028
****************************************
5867.4283
4454.135
5235.5063
****************************************
5867.4283
4454.135
5235.5063
****************************************
5867.4283
4454.135
5235.5063
****************************************
5867.4283
4454.135
5235.5063
****************************************
5867.4283
4454.135
5235.5063
****************************************
5867.4283
4454.135
5235.5063
****************************************
5868.61
4455.032
5236.5607
****************************************
5868.61
4455.032
5236.5607
****************************************
5868.61
4455.032
5236.5607
****************************************
5868.61
4455.032
5236.5607
****************************************
5868.61
4455.032
5236.5607
****************************************
5868.61
4455.032
5236.5607
****************************************
5863.9083
4451.4629
5232.3654
****************************************
5863.9083
4451.4629
5232.3654
****************************************
5863.9083
4451.4629
5232.3654
****************************************
5863.9083
4451.4629
5232.3654
****************************************
5863.9083
4451.4629
5232.3654
****************************************
5863.9083
4451.4629
5232.3654
****************************************
5851.2533
4441.8561
5221.0733
****************************************
5851.2533
4441.8561
5221.0733
****************************************
5851.2533
4441.8561
5221.0733
****************************************
5851.2533
4441.8561
5221.0733
****************************************
5851.2533
4441.8561
5221.0733
****************************************
5851.2533
4441.8561
5221.0733
****************************************
5850.6717
4441.4145
5220.5543
****************************************
5850.6717
4441.4145
5220.5543
****************************************
5850.6717
4441.4145
5220.5543
****************************************
5850.6717
4441.4145
5220.5543
****************************************
5850.6717
4441.4145
5220.5543
****************************************
5848.9967
4440.143
5219.0597
****************************************
