May 5		Price LOG
5816.2383
4415.2752
5189.8295
5816.2383
4415.2752
5189.8295
****************************************
5816.2383
4415.2752
5189.8295
****************************************
5809.4517
4410.1232
5183.7737
****************************************
5809.4517
4410.1232
5183.7737
****************************************
5809.4517
4410.1232
5183.7737
****************************************
5809.4517
4410.1232
5183.7737
****************************************
5809.4517
4410.1232
5183.7737
****************************************
5809.4517
4410.1232
5183.7737
****************************************
5809.4517
4410.1232
5183.7737
****************************************
5812.5183
4412.4512
5186.5101
****************************************
5812.5183
4412.4512
5186.5101
****************************************
5812.5183
4412.4512
5186.5101
****************************************
5812.5183
4412.4512
5186.5101
****************************************
5812.5183
4412.4512
5186.5101
****************************************
5812.5183
4412.4512
5186.5101
****************************************
5814.3867
4413.8695
5188.1772
****************************************
5814.3867
4413.8695
5188.1772
****************************************
5814.3867
4413.8695
5188.1772
****************************************
5814.3867
4413.8695
5188.1772
****************************************
5820.3233
4418.3762
5193.4745
****************************************
5820.3233
4418.3762
5193.4745
****************************************
5820.3233
4418.3762
5193.4745
****************************************
5820.3233
4418.3762
5193.4745
****************************************
5820.3233
4418.3762
5193.4745
****************************************
5820.3233
4418.3762
5193.4745
****************************************
5824.4733
4421.5266
5197.1776
****************************************
5824.4733
4421.5266
5197.1776
****************************************
5824.4733
4421.5266
5197.1776
****************************************
May 5		Price LOG
5865.3367
4452.5472
5233.6399
5865.3367
4452.5472
5233.6399
****************************************
